x = 1., 1.05, 1.1, 1.15, 1.2, 1.25, 1.3, 1.35, 1.4, 1.45, 1.5, 1.55, 1.6, 1.65, 1.7, 1.75, 1.8, 1.85, 1.9, 1.95, 2.
y = 1.00000, 0.97350, 0.95135, 0.93304, 0.91817, 0.90640, 0.89747, 0.89115, 0.88726, 0.88565, 0.88623, 0.88887, 0.89352, 0.90012, 0.90864, 0.91906, 0.93138, 0.94561, 0.96177, 0.97988, 1.00000